Downloading symbol: QQQ...
Downloading symbol: SPY...
Downloading symbol: TSLA...
Downloading symbol: GBTC...
Downloading symbol: GDXJ...
Downloading symbol: GLD...
Downloading symbol: TNA...
Downloading symbol: VXX...
 [1] "time"        "high"        "low"         "open"        "close"      
 [6] "volume"      "change"      "range"       "change_rar"  "range_var"  
[11] "change_var"  "volume_var"  "cr_var"      "norm_range"  "norm_change"
[16] "norm_cr"     "norm_vol"    "targ"       
 [1] "time"        "high"        "low"         "open"        "close"      
 [6] "volume"      "change"      "range"       "change_rar"  "range_var"  
[11] "change_var"  "volume_var"  "cr_var"      "norm_range"  "norm_change"
[16] "norm_cr"     "norm_vol"    "targ"       
 [1] "time"        "high"        "low"         "open"        "close"      
 [6] "volume"      "change"      "range"       "change_rar"  "range_var"  
[11] "change_var"  "volume_var"  "cr_var"      "norm_range"  "norm_change"
[16] "norm_cr"     "norm_vol"    "targ"       
 [1] "time"        "high"        "low"         "open"        "close"      
 [6] "volume"      "change"      "range"       "change_rar"  "range_var"  
[11] "change_var"  "volume_var"  "cr_var"      "norm_range"  "norm_change"
[16] "norm_cr"     "norm_vol"    "targ"       
 [1] "time"        "high"        "low"         "open"        "close"      
 [6] "volume"      "change"      "range"       "change_rar"  "range_var"  
[11] "change_var"  "volume_var"  "cr_var"      "norm_range"  "norm_change"
[16] "norm_cr"     "norm_vol"    "targ"       
       preds1          
700 0.9218558 1.0737327
701 0.8209423 1.0005634
702ose"      
 [6] 0.9965105 "volume"     
703 0.8839453 0.9818582 "change_rar"  0.9550959 0.9947090r"  
[11] 0.9361231 0.9712190 "volume_var"  1.0032554 0.9872576 "norm_range"  1.0134123 0.9787119nge"
[16] "norm_cr"     0.9983203
709 1.0396684 1.0089130
710 1.0333477 1.0041841
711 1.0298333 0.9946606
712 1.0161739 0.9703082
713 1.0024029 0.9261548
714 0.9616092 1.0083280
715 0.9840017 1.0260027
716 0.9883008 0.9570707
717 1.0011379 0.9717663
718 1.0010821 0.9402827
719 0.9887126 1.0196970
720 0.9932530 1.0278079
721 0.9942814 0.9759598
722 0.9964818 1.0583545
723 0.9952549 0.9979702
724 0.9935770 0.9818815
725 0.9969143 1.0080823
726 0.9967989 0.9553030
727 0.9960615 0.9521912
728 0.9965115 0.9447236
729 0.9968616 0.9767225
730 0.9963862 1.0933073
731 1.0006399 1.1070336
732 1.0038065 0.9586207
733 0.9969453 1.0203892
734 0.9970102 0.9887535
735 0.9971480 0.9768519
736 0.9972267 1.0303030
737 0.9973702 1.0389140
738 0.9975845 0.9873418
739 0.9964369 1.0242424
740 0.9969019 0.9694741
741 0.9968275 0.9296933
742 0.9979175 1.0204239
743 0.9974811 1.0186567
744 0.9974227 1.0199176
745 0.9972673 0.9896171
746 0.9969097 1.0458488
747 0.9995320 0.9463108
748 0.9955923 1.0302013
749 0.9974293 0.9693558
[1] "GBTC"
[1] -0.0631835
[1] 0
 [1] "time"        "high"        "low"         "open"        "close"      
 [6] "volume"      "change"      "range"       "change_rar"  "range_var"  
[11] "change_var"  "volume_var"  "cr_var"      "norm_range"  "norm_change"
[16] "norm_cr"     "norm_vol"    "targ"       
 [1] "time"        "high"        "low"         "open"        "close"      
 [6] "volume"      "change"      "range"       "change_rar"  "range_var"  
[11] "change_var"  "volume_var"  "cr_var"      "norm_range"  "norm_change"
[16] "norm_cr"     "norm_vol"    "targ"       
        preds1          
1922 0.9998815 1.0294761
1923 1.0008651 1.0089925
1924 0.9998533 1.0008969
1925 0.9997436 0.9918757
1926 0.9996590 1.0317110
1927 1.0015813 1.0121324
1928 0.9994821 1.0110891
1929 0.9993738 0.9852351
1930 0.9985877 0.9730266
1931 0.9975801 0.9591896
1932 0.9948176 1.0248945
1933 1.0004183 1.0028882
1934 0.9997720 0.9833708
1935 0.9994522 1.0210792
1936 1.0002037 0.9887040
1937 0.9996564 1.0094724
1938 0.9998116 1.0514287
1939 1.0061877 0.9910704
1940 0.9994321 0.9699192
1941 0.9981073 0.9885239
1942 0.9996180 0.9858572
1943 0.9996593 0.9907109
1944 0.9998024 0.9862801
1945 0.9998420 1.0202417
1946 1.0002400 0.9847399
1947 0.9997700 0.9688032
1948 0.9994982 0.9897182
1949 0.9995534 0.9183553
1950 1.0546416 0.9742989
1951 1.0023961 1.0375843
1952 0.9949114 0.9852494
1953 0.9992722 0.9915129
1954 0.9984659 1.1351373
1955 1.0280283 1.0566116
1956 1.0129352 0.9943522
1957 0.9975153 0.9643440
1958 0.9926363 1.0191658
1959 1.0004625 1.0006308
1960 0.9996855 0.9727441
1961 0.9985524 0.9892622
1962 0.9994074 0.9739465
1963 0.9990628 0.9959151
1964 0.9996457 1.0077985
1965 0.9999923 1.0309193
1966 1.0014365 0.9832978
1967 0.9995400 0.9728106
1968 0.9996131 0.9945965
1969 0.9998291 0.9900882
1970 0.9999228 1.0241435
1971 1.0005562 1.0305043
[1] "TSLA"
[1] 0.007293402
[1] 0
        preds1          
2079 1.0037536 1.0000000
2080 0.9991158 0.9809897
2081 0.9992202 0.9847304
2082 0.9991914 0.9862457
2083 0.9991295 0.9924481
2084 0.9991367 1.0104497
2085 0.9990725 1.0061977
2086 0.9990677 0.9800995
2087 0.9993940 0.9930380
2088 0.9991337 1.0244137
2089 0.9985050 0.9869362
2090 0.9991383 1.0044206
2091 0.9991126 1.0046512
2092 0.9989977 0.9789799
2093 0.9992532 0.9981150
2094 0.9991039 1.0047513
2095 0.9990538 1.0152333
2096 0.9988868 0.9949984
2097 0.9991187 0.9993723
2098 0.9991385 0.9946372
2099 0.9991240 0.9958782
2100 0.9990696 1.0069819
2101 0.9990358 0.9955584
2102 0.9991325 1.0216845
2103 0.9980690 0.9938023
2104 0.9991194 0.9990856
2105 0.9990403 0.9984853
2106 0.9991245 0.9972308
2107 0.9990360 0.9875312
2108 0.9991583 1.0145156
2109 0.9989531 1.0009245
2110 0.9990710 0.9947156
2111 0.9991638 0.9851760
2112 0.9988772 1.0116756
2113 1.0005117 0.9990746
2114 1.0000664 1.0003094
2115 0.9992721 1.0030769
2116 0.9999009 1.0136695
2117 0.9973960 0.9942494
2118 0.9993484 1.0099517
2119 0.9994698 0.9967233
2120 1.0010478 1.0096010
2121 1.0023082 0.9997057
2122 0.9996317 0.9997065
2123 0.9994276 0.9955410
2124 1.0026677 0.9900422
2125 0.9988488 1.0060624
2126 1.0055393 1.0012217
2127 1.0014369 0.9993936
2128 1.0026885 0.9978852
[1] "GDXJ"
[1] 0.04547141
[1] 0
        preds1          
2335 1.0344066 1.0118300
2336 1.0060556 1.0123081
2337 1.0053999 0.9911479
2338 1.0037645 0.9953502
2339 1.0051360 0.9835474
2340 1.0042020 1.0184173
2341 1.0078446 1.0090922
2342 1.0043226 0.9550857
2343 1.0130870 0.9461594
2344 1.0121540 0.9964891
2345 1.0050838 1.0754480
2346 1.0416206 1.0348237
2347 1.0215707 1.0167135
2348 1.0116923 1.0448727
2349 1.0372268 0.9906128
2350 1.0041088 1.0304000
2351 1.0282431 0.9994861
2352 1.0030414 0.9703572
2353 1.0071995 0.9716011
2354 1.0057199 0.9793557
2355 1.0042411 1.0147691
2356 1.0141912 0.9839443
2357 1.0082787 0.9935161
2358 1.0029439 1.0149517
2359 1.0061724 0.9555282
2360 1.0099574 0.9305773
2361 1.0210733 1.0244441
2362 1.0059465 0.9364286
2363 1.0203073 0.9906089
2364 1.0009183 1.0140039
2365 1.0029121 0.9340102
2366 1.0331288 1.0224772
2367 1.0043187 1.0741036
2368 1.0252564 1.0055329
2369 1.0017143 0.9622084
2370 1.0160345 0.9819277
2371 1.0027024 1.0225854
2372 1.0086326 1.0183581
2373 1.0068919 1.0044065
2374 1.0014526 0.9756473
2375 1.0013139 1.0087496
2376 1.0023040 1.0148617
2377 1.0007530 0.9991939
2378 0.9942804 0.9852663
2379 0.9983097 0.9900594
2380 0.9974003 0.9908372
2381 0.9980574 0.9722953
2382 1.0101260 0.9964342
2383 0.9982240 1.0088369
2384 0.9969662 0.9967464
[1] "TNA"
[1] 0.1710581
[1] 0
        preds1          
2277 0.9514833 1.0158963
2278 0.6297880 0.9866573
2279 0.8391069 1.0103567
2280 0.6409258 1.0259019
2281 0.8489309 1.0157626
2282 0.6660873 0.9463700
2283 1.0973091 0.9842520
2284 0.6912272 1.0760842
2285 1.2949234 1.0780263
2286 1.1580781 1.0684746
2287 1.3502491 0.9068736
2288 1.0759619 0.9374594
2289 1.1411209 1.0146512
2290 0.4544773 0.9515205
2291 1.0012487 0.9750940
2292 0.6704777 0.9363992
2293 1.1623939 1.0225641
2294 0.3073085 1.0396419
2295 0.4929562 1.0387694
2296 0.4545902 0.9795172
2297 0.6396034 0.9892312
2298 0.4836383 1.0746158
2299 1.3131075 0.9876457
2300 0.5295494 0.9992854
2301 0.9656146 1.0679415
2302 1.0147610 1.0684990
2303 1.0107133 0.9909774
2304 0.9969496 1.0789872
2305 0.9791425 1.0337056
2306 0.9972077 0.9526782
2307 0.9980524 1.0649137
2308 0.9767462 0.9812030
2309 0.9972085 0.9128802
2310 1.0125272 0.9781296
2311 0.9972327 1.0278868
2312 0.9951244 1.0185676
2313 0.9970706 1.0053763
2314 0.9970151 0.9819675
2315 0.9971782 0.9771357
2316 0.9972701 0.9873583
2317 0.9971874 0.9719901
2318 0.9972639 0.9578399
2319 0.9975285 0.9835032
2320 0.9971731 0.9901442
2321 0.9971733 1.0318890
2322 0.9971418 1.0016718
2323 0.9971690 1.0766414
2324 0.9766523 1.0047425
2325 0.9971759 0.9753399
2326 0.9972006 0.9930572
[1] "VXX"
[1] -0.05630421
[1] 0
        preds1          
3333 0.9993753 0.9996107
3334 1.0002522 0.9973500
3335 1.0002572 0.9918290
3336 1.0002355 0.9944603
3337 1.0002581 1.0030178
3338 1.0002845 1.0006346
3339 1.0002616 1.0000000
3340 1.0002582 0.9926226
3341 1.0002562 0.9992805
3342 1.0002559 1.0045912
3343 1.0002568 0.9977719
3344 1.0002604 0.9986438
3345 1.0002539 1.0026149
3346 1.0002655 0.9960387
3347 1.0002482 0.9978519
3348 1.0002484 1.0048023
3349 1.0002950 1.0039987
3350 1.0003092 1.0008753
3351 1.0002606 1.0016734
3352 1.0002751 0.9982417
3353 1.0002506 0.9980775
3354 1.0002551 1.0024083
3355 1.0002763 0.9991962
3356 1.0002543 1.0086124
3357 1.0002295 0.9991276
3358 1.0002524 0.9983571
3359 1.0002628 1.0017962
3360 1.0002669 1.0020435
3361 1.0002723 0.9940702
3362 1.0002552 1.0029501
3363 1.0002854 1.0048164
3364 1.0002879 0.9981034
3365 1.0002423 0.9917647
3366 1.0001913 1.0027900
3367 1.0003161 0.9985779
3368 1.0002437 1.0029261
3369 1.0003485 1.0007873
3370 1.0002670 1.0001561
3371 1.0002627 0.9950491
3372 1.0002421 1.0029905
3373 1.0003170 0.9991389
3374 1.0002454 1.0057471
3375 1.0006555 0.9963373
3376 1.0002268 0.9983569
3377 1.0002526 0.9995264
3378 1.0002741 1.0000000
3379 1.0002728 1.0035777
3380 1.0004143 1.0014374
3381 1.0003176 0.9954596
3382 1.0002490 1.0023962
[1] "GLD"
[1] -0.04428438
[1] 0
        preds1          
4560 1.0440536 1.0095041
4561 1.0165682 0.9986681
4562 0.9969944 1.0054748
4563 1.0127834 0.9925328
4564 0.9933009 0.9955298
4565 0.9987890 1.0127063
4566 1.0240722 1.0087018
4567 1.0208259 0.9875015
4568 0.9827106 0.9879468
4569 0.9841405 0.9832028
4570 0.9691373 1.0209115
4571 1.0392646 1.0155513
4572 1.0337262 0.9995848
4573 1.0072691 1.0099845
4574 1.0239264 1.0018875
4575 1.0129875 1.0120397
4576 1.0327449 1.0024762
4577 1.0118996 0.9823227
4578 0.9599821 0.9947850
4579 0.9950065 0.9982541
4580 1.0059662 0.9955757
4581 1.0008163 0.9878222
4582 0.9748741 1.0032914
4583 1.0121296 0.9981463
4584 0.9984521 0.9884639
4585 0.9797940 0.9748462
4586 0.9646148 1.0168234
4587 1.0157041 0.9606280
4588 1.0160559 0.9936809
4589 0.9842421 1.0126478
4590 1.0083693 0.9780503
4591 0.9757421 1.0021667
4592 0.9976057 1.0354573
4593 1.0448166 0.9957850
4594 0.9969615 0.9854662
4595 0.9848555 0.9982280
4596 0.9991660 1.0067445
4597 1.0066210 1.0004994
4598 1.0016760 1.0056417
4599 1.0099875 0.9899393
4600 0.9899634 1.0009234
4601 1.0053555 1.0116329
4602 1.0178319 1.0019263
4603 1.0061963 0.9955327
4604 0.9977360 0.9866861
4605 0.9838975 0.9927030
4606 0.9953684 0.9744189
4607 0.9705104 0.9990554
4608 0.9974275 1.0079019
4609 1.0082721 0.9862489
[1] "QQQ"
[1] -0.01551831
[1] 0
        preds1          
4559 1.0403191 1.0053761
4560 1.0131533 1.0029010
4561 1.0080724 0.9976841
4562 1.0023421 0.9931960
4563 0.9943261 0.9974179
4564 1.0007158 1.0107436
4565 1.0250751 1.0071395
4566 1.0206746 0.9867678
4567 0.9848081 0.9853816
4568 0.9833611 0.9863306
4569 0.9826091 1.0123401
4570 1.0217102 1.0166586
4571 1.0348341 0.9984632
4572 1.0051558 1.0087272
4573 1.0208744 1.0020106
4574 1.0115265 1.0114980
4575 1.0302833 0.9975645
4576 1.0055492 0.9888508
4577 0.9876835 0.9909650
4578 0.9922014 0.9968102
4579 1.0031025 0.9989071
4580 1.0065342 0.9895372
4581 0.9890070 1.0000369
4582 1.0084369 0.9982650
4583 1.0018447 0.9841738
4584 0.9875721 0.9768331
4585 0.9826104 1.0113684
4586 1.0042757 0.9790735
4587 0.9857251 0.9964717
4588 0.9980931 1.0077742
4589 1.0017919 0.9806513
4590 0.9868332 1.0073396
4591 1.0025588 1.0265239
4592 1.0014549 1.0003389
4593 1.0022337 0.9859540
4594 0.9896548 0.9985844
4595 0.9990440 1.0033299
4596 1.0030879 1.0011007
4597 1.0024463 1.0025258
4598 1.0041138 0.9915486
4599 0.9966348 1.0012360
4600 1.0032043 1.0031931
4601 1.0048943 0.9988917
4602 1.0022963 0.9971815
4603 1.0003388 0.9918158
4604 0.9962742 0.9974182
4605 1.0003452 0.9822582
4606 0.9883087 1.0027386
4607 1.0018302 1.0057404
4608 1.0050460 0.9983521
[1] "SPY"
[1] 0.1390145
[1] 0
